1598425521414 1.6314839820067089 0
1598425656728 1.6964258253574371 0
1598425770306 1.696458175778389 0
1598425882148 1.6964960197607677 0
1598425993500 1.7335668504238129 0
1598426103871 1.742586115996043 0
1598426218707 1.696281870206197 0
1598426332816 1.6960889895757039 0
1598426446386 1.6963078677654266 0
1598426571038 1.6963607271512349 0
1598426691074 1.6964695155620575 0
1598426821863 1.6941547095775604 0
1598426991527 1.6965132852395375 0
1598427169758 1.719429721434911 0
1598427362246 1.7477222383022308 0
1598427573166 1.7381656964619954 0
1598427788145 1.7337404191493988 0
1598428021598 1.7381656964619954 0
1598428243141 1.7381656964619954 0
1598428454366 1.7381656964619954 0
