1598425521421 0.20833333333333334 0
1598425656739 0.20833333333333334 0
1598425770310 0.20833333333333334 0
1598425882152 0.20833333333333334 0
1598425993513 0.16666666666666666 0
1598426103875 0.16666666666666666 0
1598426218712 0.20833333333333334 0
1598426332822 0.20833333333333334 0
1598426446391 0.20833333333333334 0
1598426571042 0.20833333333333334 0
1598426691079 0.20833333333333334 0
1598426821868 0.20833333333333334 0
1598426991532 0.20833333333333334 0
1598427169766 0.16666666666666666 0
1598427362255 0.16666666666666666 0
1598427573176 0.16666666666666666 0
1598427788153 0.16666666666666666 0
1598428021604 0.16666666666666666 0
1598428243146 0.16666666666666666 0
1598428454380 0.16666666666666666 0
