1599549861221 0.07642436149312377 0
1599550285614 0.10952848722986247 0
1599550768884 0.1155206286836935 0
1599551266090 0.1118860510805501 0
1599551749518 0.11070726915520628 0
1599552292771 0.11512770137524557 0
1599552877584 0.11581532416502946 0
1599553450721 0.1193516699410609 0
1599554021894 0.11326129666011787 0
1599554600409 0.11463654223968565 0
1599555097984 0.11640471512770137 0
1599555588579 0.12220039292730844 0
1599556076369 0.11905697445972495 0
1599556548781 0.11719056974459724 0
1599557067789 0.11758349705304519 0
1599557599239 0.11699410609037328 0
1599558070001 0.12023575638506875 0
1599558533850 0.11591355599214145 0
1599558999411 0.12416502946954813 0
1599559463719 0.12298624754420431 0
1599559926170 0.11915520628683693 0
1599560397887 0.11974459724950884 0
1599560942058 0.12298624754420431 0
1599561463324 0.12033398821218075 0
1599561944730 0.12161100196463653 0
1599562408048 0.12062868369351669 0
1599562896607 0.12151277013752455 0
1599563493600 0.12170923379174853 0
1599564067383 0.12308447937131631 0
1599564622455 0.1236738703339882 0
