1599549861218 3.193170325460977 0
1599550285612 3.113390291603703 0
1599550768879 3.0821298264801387 0
1599551266087 3.0820133105242418 0
1599551749515 3.0775018825043863 0
1599552292767 3.0724048886177346 0
1599552877579 3.0746455548554366 0
1599553450714 3.0725412214200483 0
1599554021890 3.072503344717569 0
1599554600398 3.070549070718012 0
1599555097980 3.0682638117747127 0
1599555588575 3.0666021527850558 0
1599556076366 3.0663427425976586 0
1599556548778 3.064641161845569 0
1599557067786 3.0647751460609363 0
1599557599235 3.065038173278329 0
1599558069995 3.0603410724572444 0
1599558533846 3.0577142065306777 0
1599558999406 3.0589646061183426 0
1599559463716 3.05917316663476 0
1599559926167 3.057906641238799 0
1599560397883 3.0568219275746222 0
1599560942052 3.0525153709066872 0
1599561463320 3.052307808094737 0
1599561944727 3.0545409301877724 0
1599562408045 3.0504592799953016 0
1599562896600 3.0512340907263615 0
1599563493595 3.0509528303427405 0
1599564067375 3.0498134017224863 0
1599564622451 3.046876257669715 0
