1598599222754 0.09180166912125676 0
1598600222951 0.11310751104565538 0
1598601286228 0.11516936671575848 0
1598602379756 0.11104565537555229 0
1598603474536 0.1103583701521846 0
1598604569265 0.11467844869906726 0
1598605697755 0.11320569464899362 0
1598606816164 0.11192930780559647 0
1598607855966 0.10986745213549337 0
1598608919862 0.11212567501227295 0
1598609956991 0.11094747177221405 0
1598611018610 0.11271477663230241 0
1598612112506 0.1115365733922435 0
1598613216258 0.1147766323024055 0
1598614313291 0.1142857142857143 0
1598615339921 0.1134020618556701 0
1598616350393 0.11232204221894944 0
1598617417188 0.11212567501227295 0
1598618487431 0.11045655375552284 0
1598619582869 0.11065292096219932 0
