1598599222749 3.209910915947803 0
1598600222949 3.1964594187195767 0
1598601286223 3.183912158187956 0
1598602379749 3.172182271336596 0
1598603474529 3.1612356836209416 0
1598604569259 3.150912716041082 0
1598605697748 3.141103506088257 0
1598606816160 3.1319842127882853 0
1598607855963 3.123654452269137 0
1598608919858 3.115680304472506 0
1598609956941 3.1085885863240934 0
1598611018606 3.1020003681857036 0
1598612112503 3.0961411799878893 0
1598613216253 3.0911415750393987 0
1598614313287 3.0866581722984257 0
1598615339919 3.0829332145218995 0
1598616350390 3.079837898793733 0
1598617417178 3.077302941868688 0
1598618487427 3.075503418126057 0
1598619582863 3.0741956929219487 0
