1599643401066 0.04393120393120393 0
1599643969729 0.08658476658476659 0
1599644493003 0.11380835380835382 0
1599645024573 0.11773955773955774 0
1599645547142 0.11665847665847666 0
1599646070303 0.11764127764127764 0
1599646593373 0.11518427518427518 0
1599647116258 0.11646191646191646 0
1599647639494 0.11803439803439804 0
1599648163634 0.1195085995085995 0
1599648687503 0.12088452088452088 0
1599649212711 0.12019656019656019 0
1599649737955 0.12039312039312039 0
1599650260926 0.12108108108108108 0
1599650785584 0.1200982800982801 0
1599651303635 0.12068796068796069 0
1599651819811 0.12147420147420147 0
1599652334953 0.12029484029484029 0
1599652868581 0.11891891891891893 0
1599653452671 0.12314496314496315 0
1599654005558 0.12088452088452088 0
1599654581629 0.12049140049140049 0
1599655179250 0.12 0
1599655706822 0.12353808353808354 0
1599656261712 0.12098280098280098 0
1599656827098 0.12383292383292384 0
1599657426275 0.12363636363636364 0
1599658008170 0.12383292383292384 0
1599658626784 0.125012285012285 0
1599659217747 0.12363636363636364 0
