1599643401058 3.2143137343685515 0
1599643969723 3.1973559704108085 0
1599644492998 3.1793637814627234 0
1599645024568 3.160732824035007 0
1599645547135 3.1413365968615183 0
1599646070300 3.1245739120230334 0
1599646593370 3.1103193496310446 0
1599647116255 3.0999687005026626 0
1599647639491 3.091590115127751 0
1599648163630 3.085052774930762 0
1599648687500 3.080395388075995 0
1599649212708 3.0757466311536783 0
1599649737951 3.071621524028169 0
1599650260922 3.0687346024946733 0
1599650785580 3.0662506587382325 0
1599651303584 3.0646964349676407 0
1599651819801 3.063190917711 0
1599652334950 3.0614955337393197 0
1599652868577 3.0613642172379927 0
1599653452664 3.0604589647391505 0
1599654005554 3.0593493957191487 0
1599654581625 3.0590539704962505 0
1599655179246 3.058273512256819 0
1599655706818 3.0579087962682476 0
1599656261699 3.0569371298431474 0
1599656827094 3.057040103823313 0
1599657426271 3.056487952169095 0
1599658008167 3.0553713887563796 0
1599658626780 3.0554659067852197 0
1599659217744 3.0552575307044703 0
