1600070487318 0.07102161100196464 0
1600071074609 0.11345776031434184 0
1600071679277 0.11414538310412572 0
1600072286707 0.11611001964636541 0
1600072875485 0.11719056974459724 0
1600073480763 0.11660117878192534 0
1600074110347 0.11630648330058939 0
1600074777384 0.11699410609037328 0
1600075544026 0.11768172888015717 0
1600076244082 0.11738703339882121 0
1600076943935 0.11797642436149312 0
1600077618477 0.11787819253438113 0
1600078275147 0.11954813359528486 0
1600078985825 0.12023575638506875 0
1600079643364 0.12033398821218075 0
1600080237841 0.11964636542239686 0
1600080830389 0.11925343811394891 0
1600081446830 0.12092337917485264 0
1600082146306 0.12180746561886051 0
1600082830095 0.11866404715127701 0
