1600070487311 3.2085112466793397 0
1600071074605 3.1830510198484467 0
1600071679267 3.1572502291741213 0
1600072286702 3.131260308863372 0
1600072875482 3.1116583141221983 0
1600073480757 3.0971526148745494 0
1600074110337 3.0860694105826565 0
1600074777377 3.077855553280394 0
1600075544019 3.070739248178328 0
1600076244077 3.0664439576079663 0
1600076943931 3.0633169592949168 0
1600077618471 3.060890092830995 0
1600078275140 3.0594568294720004 0
1600078985820 3.0582841702669215 0
1600079643358 3.0573056910501717 0
1600080237837 3.0566718629863265 0
1600080830378 3.0551880052375417 0
1600081446822 3.0545872714524185 0
1600082146302 3.053986410729309 0
1600082830090 3.052525943763598 0
