1598561331079 0.10731467844869907 0
1598562321073 0.10868924889543446 0
1598563370635 0.11055473735886108 0
1598564430812 0.11104565537555229 0
1598565469582 0.1069219440353461 0
1598566481674 0.10888561610211095 0
1598567483504 0.1134020618556701 0
1598568475044 0.11163475699558174 0
1598569466186 0.1101620029455081 0
1598570457622 0.10849288168875798 0
1598571449097 0.10800196367206677 0
1598572440790 0.11026018654884635 0
1598573431898 0.11173294059891999 0
1598574423403 0.11006381934216986 0
1598575414956 0.10927835051546392 0
1598576406284 0.1122238586156112 0
1598577397721 0.1094747177221404 0
1598578389624 0.10780559646539029 0
1598579381242 0.10721649484536083 0
1598580372748 0.11183112420225823 0
