1598561331076 3.187323846592292 0
1598562321070 3.135388322361088 0
1598563370631 3.0996005819542596 0
1598564430809 3.079860270111129 0
1598565469579 3.0722211355313287 0
1598566481664 3.06940211217428 0
1598567483502 3.0683437352327956 0
1598568475041 3.06795388363598 0
1598569466184 3.067573772438847 0
1598570457620 3.0677386734727907 0
1598571449095 3.068032468717123 0
1598572440788 3.067344794041629 0
1598573431896 3.067614350297841 0
1598574423401 3.067807921604836 0
1598575414954 3.067835694735812 0
1598576406282 3.0676798634395683 0
1598577397719 3.067588652005427 0
1598578389622 3.0675492985434665 0
1598579381239 3.067676061734184 0
1598580372746 3.0677595342206323 0
