1599728169875 0.0894979860497102 0
1599729288589 0.11317418213969939 0
1599730402362 0.11258473327438845 0
1599731532243 0.11376363100501032 0
1599732640048 0.1132724236172512 0
1599733709264 0.11287945770704391 0
1599734781023 0.11170055997642205 0
1599735842079 0.11219176736418116 0
1599736844583 0.11101286963355929 0
1599737840423 0.1136653895274585 0
1599738838682 0.1123882503192848 0
1599739832318 0.1132724236172512 0
1599740824632 0.11140583554376658 0
1599741817101 0.11297769918459574 0
1599742809605 0.11287945770704391 0
1599743802795 0.11199528440907752 0
1599744797031 0.1088515571274192 0
1599745853606 0.11346890657235485 0
1599746942433 0.11248649179683663 0
1599748053014 0.11022693781314472 0
