1599728169860 3.2125403399972927 0
1599729288581 3.1970140422441036 0
1599730402355 3.1829374357201585 0
1599731532237 3.1697372001706414 0
1599732640041 3.1573857469424738 0
1599733709261 3.1458248038553798 0
1599734781019 3.13526693401361 0
1599735842074 3.1252524691371018 0
1599736844574 3.1164042617778365 0
1599737840373 3.1081919569622056 0
1599738838677 3.101054026249268 0
1599739832309 3.0946973110067435 0
1599740824630 3.0894000938264496 0
1599741817052 3.0848894076633577 0
1599742809603 3.081116447046799 0
1599743802785 3.07840012164256 0
1599744797029 3.076126388206336 0
1599745853601 3.074224056411977 0
1599746942428 3.0728688733331087 0
1599748053008 3.0717866907935796 0
