1598363968816 1.6143294076124828 0
1598364100890 1.5977267920970917 0
1598364231052 1.590177834033966 0
1598364363738 1.553817758957545 0
1598364499691 1.5223005811373393 0
1598364643764 1.4276325901349385 0
1598364764427 1.43290772040685 0
1598364876826 1.3871451616287231 0
1598365001087 1.2085477064053218 0
1598365127790 1.2862296452124913 0
1598365265670 1.1739164292812347 0
1598365408243 1.2375355611244838 0
1598365541342 1.224302460749944 0
1598365690971 1.2166143854459126 0
1598365819364 1.3513458768526714 0
1598365955156 1.4081739981969197 0
1598366094121 1.4870279282331467 0
1598366229422 1.5618753731250763 0
1598366369313 1.4868436455726624 0
1598366496258 1.6259063333272934 0
1598366614748 1.3945061018069584 0
1598366731777 1.6195475061734517 0
1598366856620 1.6152581969896953 0
