1598363968824 0.25 0
1598364100898 0.3333333333333333 0
1598364231061 0.3333333333333333 0
1598364363748 0.3333333333333333 0
1598364499697 0.4166666666666667 0
1598364643772 0.5 0
1598364764433 0.5 0
1598364876833 0.5416666666666666 0
1598365001096 0.7083333333333334 0
1598365127800 0.5 0
1598365265676 0.75 0
1598365408248 0.6666666666666666 0
1598365541348 0.6666666666666666 0
1598365690983 0.7083333333333334 0
1598365819370 0.5833333333333334 0
1598365955163 0.5 0
1598366094130 0.4166666666666667 0
1598366229432 0.3333333333333333 0
1598366369321 0.4166666666666667 0
1598366496264 0.2916666666666667 0
1598366614756 0.5 0
1598366731783 0.25 0
1598366856626 0.25 0
