1599495092507 0.09484536082474228 0
1599495680246 0.10976926853215513 0
1599496271082 0.11359842906234659 0
1599496852774 0.11860579283259697 0
1599497432527 0.11556210112911144 0
1599498011864 0.11870397643593521 0
1599498592741 0.1200785468826706 0
1599499171096 0.11644575355915562 0
1599499750409 0.12351497299950909 0
1599500331809 0.12341678939617085 0
1599500915013 0.11860579283259697 0
1599501499650 0.11958762886597939 0
1599502027168 0.12037309769268532 0
1599502550171 0.11752577319587629 0
1599503068757 0.11978399607265587 0
1599503588177 0.12263132056946491 0
1599504109724 0.12253313696612667 0
1599504628833 0.11723122238586156 0
