1599495092499 3.15728572542081 0
1599495680242 3.091441718046725 0
1599496271078 3.082828148475276 0
1599496852771 3.074903643710624 0
1599497432524 3.076206847740027 0
1599498011860 3.0763314275924167 0
1599498592738 3.070442511512183 0
1599499171093 3.071582575434262 0
1599499750405 3.0682193204124126 0
1599500331806 3.066261820659722 0
1599500915001 3.0643160248364545 0
1599501499647 3.060392141342163 0
1599502027165 3.0602009735332145 0
1599502550168 3.061961091846359 0
1599503068706 3.0570314674911163 0
1599503588167 3.0538470320217037 0
1599504109720 3.0524929138627424 0
1599504628830 3.052823850086757 0
