1599578413465 0.08383292383292383 0
1599579050724 0.10938574938574938 0
1599579697014 0.11341523341523342 0
1599580313878 0.11351351351351352 0
1599580903968 0.11272727272727273 0
1599581473318 0.11577395577395577 0
1599582154693 0.11184275184275184 0
1599582917610 0.11213759213759214 0
1599583681001 0.11852579852579853 0
1599584354789 0.11272727272727273 0
1599585014846 0.11498771498771498 0
1599585682218 0.11872235872235873 0
1599586300527 0.11557739557739558 0
1599586926162 0.11380835380835382 0
1599587519658 0.11292383292383293 0
1599588098403 0.11282555282555283 0
1599588678391 0.11547911547911548 0
1599589200280 0.11056511056511056 0
1599589656711 0.11469287469287469 0
1599590124540 0.11754299754299755 0
1599590559322 0.11587223587223587 0
1599591007740 0.11439803439803439 0
1599591441800 0.11921375921375921 0
1599591911344 0.11498771498771498 0
1599592413542 0.11656019656019656 0
1599592945969 0.11656019656019656 0
1599593462884 0.11901719901719902 0
1599593965834 0.1199017199017199 0
1599594471045 0.11577395577395577 0
1599594988452 0.12019656019656019 0
