1599578413451 3.200870775766396 0
1599579050713 3.1718069968118128 0
1599579697010 3.144007278015924 0
1599580313874 3.1140055843887517 0
1599580903964 3.0941422530415603 0
1599581473314 3.0837274271381574 0
1599582154680 3.0807078886383583 0
1599582917601 3.0773009492372707 0
1599583680989 3.072239859391196 0
1599584354781 3.0728194496848364 0
1599585014841 3.07193120164426 0
1599585682214 3.069508730047165 0
1599586300522 3.069990451564367 0
1599586926156 3.070836494830082 0
1599587519647 3.069704653882863 0
1599588098397 3.06838143896998 0
1599588678379 3.068449443329757 0
1599589200270 3.068333764041085 0
1599589656701 3.0682980938098354 0
1599590124538 3.068575599562624 0
1599590559319 3.0671467722487393 0
1599591007689 3.06669223455012 0
1599591441790 3.066697745124011 0
1599591911341 3.0649748276141118 0
1599592413537 3.066280507924223 0
1599592945965 3.06303857819747 0
1599593462876 3.0644927470045533 0
1599593965831 3.0643411409064067 0
1599594471042 3.061819751959761 0
1599594988441 3.0643384187168805 0
