1600084143233 0.0462671905697446 0
1600084706004 0.08889980353634577 0
1600085292738 0.1155206286836935 0
1600085868940 0.11542239685658152 0
1600086468663 0.1143418467583497 0
1600087035153 0.11601178781925343 0
1600087622996 0.1174852652259332 0
1600088228885 0.11787819253438113 0
1600088886978 0.11650294695481335 0
1600089560570 0.11542239685658152 0
1600090127644 0.1180746561886051 0
1600090705207 0.11954813359528486 0
1600091273764 0.11925343811394891 0
1600091867862 0.12180746561886051 0
1600092477562 0.12229862475442042 0
1600093042839 0.1193516699410609 0
1600093623612 0.12426326129666011 0
1600094235266 0.1212180746561886 0
1600094799413 0.12318271119842829 0
1600095366369 0.12072691552062868 0
