1600084143227 3.210145409308623 0
1600084705999 3.1835859711840016 0
1600085292732 3.1544107074587657 0
1600085868934 3.1283311539408265 0
1600086468656 3.109315068876345 0
1600087035149 3.0960458762987657 0
1600087622990 3.0854776392751218 0
1600088228881 3.0770210390709236 0
1600088886972 3.0714005566767484 0
1600089560564 3.0667516243715416 0
1600090127641 3.063833325223042 0
1600090705196 3.06179825777155 0
1600091273754 3.0602726032317036 0
1600091867859 3.0593090764665885 0
1600092477557 3.057901776375611 0
1600093042833 3.057200300670092 0
1600093623606 3.0559701423045462 0
1600094235262 3.0554795419771685 0
1600094799403 3.0547929016218203 0
1600095366365 3.053922920657984 0
