1598540320728 0.09131075110456555 0
1598540876230 0.1115365733922435 0
1598541413023 0.11399116347569956 0
1598541947086 0.11094747177221405 0
1598542480731 0.10898379970544919 0
1598543014771 0.11045655375552284 0
1598543550057 0.11173294059891999 0
1598544084134 0.11379479626902307 0
1598544618949 0.11624938635247914 0
1598545153739 0.11575846833578793 0
1598545692129 0.11880216003927345 0
1598546227118 0.11575846833578793 0
1598546761847 0.11683848797250859 0
1598547298065 0.11526755031909672 0
1598547833737 0.11192930780559647 0
1598548368141 0.11291114383897889 0
1598548902424 0.11605301914580265 0
1598549437649 0.11762395679921453 0
1598549972248 0.11860579283259697 0
1598550508919 0.1154639175257732 0
1598551125282 0.11536573392243496 0
1598551748956 0.11536573392243496 0
1598552294017 0.11772214040255277 0
1598552829063 0.11624938635247914 0
1598553426570 0.11605301914580265 0
1598554017497 0.11693667157584683 0
1598554600503 0.11909671084928818 0
1598555219509 0.12194403534609721 0
1598555859796 0.11860579283259697 0
1598556579785 0.12263132056946491 0
