1598540320723 3.155471891647586 0
1598540876227 3.0918710052703724 0
1598541413020 3.0852749853316745 0
1598541947083 3.0794307339349447 0
1598542480728 3.0808279907580505 0
1598543014767 3.076122677203306 0
1598543550053 3.077030108498193 0
1598544084130 3.073729146738291 0
1598544618944 3.0721070573326412 0
1598545153735 3.0750845848021697 0
1598545692123 3.0736154568915164 0
1598546227111 3.0685299485702404 0
1598546761844 3.069981916312441 0
1598547298061 3.0689736385233095 0
1598547833734 3.0699706168869985 0
1598548368138 3.0687071364126077 0
1598548902421 3.0656634806182144 0
1598549437645 3.067137770519341 0
1598549972243 3.0644111966876113 0
1598550508916 3.063070214022944 0
1598551125275 3.0625829313921473 0
1598551748949 3.0636696369553174 0
1598552294014 3.0628926111426376 0
1598552829060 3.0621162300081775 0
1598553426561 3.0607881447703567 0
1598554017491 3.0616340679342864 0
1598554600500 3.0585330234887147 0
1598555219499 3.059266145520779 0
1598555859787 3.058890246853386 0
1598556579781 3.0564139159684327 0
