1599507435394 3.154471941303259 0
1599508023984 3.090657553721949 0
1599508675371 3.084183253666087 0
1599509404857 3.0770252052919504 0
1599510169312 3.073119971818882 0
1599510914523 3.0729491984545745 0
1599511648206 3.071591755427387 0
1599512261105 3.067281244078511 0
1599512896117 3.068926443583133 0
1599513495367 3.063895369840125 0
1599514065631 3.0606046053025437 0
1599514660456 3.0601779687738206 0
1599515253183 3.0571655514314005 0
1599515838159 3.0589765557835484 0
1599516418181 3.053033968134727 0
1599516983340 3.0541745004667975 0
1599517503491 3.052419808546468 0
1599518029038 3.0501163356960785 0
1599518547855 3.0487437743326 0
1599519084183 3.0480615369350113 0
1599519609581 3.045133221307454 0
1599520133101 3.045494357335199 0
1599520646182 3.0442527730967055 0
1599521172226 3.040630022450645 0
1599521687433 3.0410727804995776 0
1599522211876 3.040568002369337 0
1599522727494 3.036024745328788 0
1599523258341 3.034829849347099 0
1599523784463 3.0319552713009323 0
1599524309354 3.032300075129311 0
