1599507435401 0.09798723613156603 0
1599508023988 0.11369661266568483 0
1599508675376 0.11065292096219932 0
1599509404862 0.11742758959253805 0
1599510169322 0.11644575355915562 0
1599510914528 0.11929307805596466 0
1599511648214 0.11458026509572902 0
1599512261108 0.11801669121256751 0
1599512896121 0.11929307805596466 0
1599513495370 0.11998036327933236 0
1599514065635 0.12115856651939126 0
1599514660460 0.12164948453608247 0
1599515253186 0.12282768777614139 0
1599515838165 0.12086401570937653 0
1599516418187 0.11723122238586156 0
1599516983343 0.12106038291605302 0
1599517503542 0.12479135984290624 0
1599518029089 0.1240058910162003 0
1599518547858 0.12596956308296514 0
1599519084193 0.12449680903289151 0
1599519609591 0.1251840942562592 0
1599520133104 0.12852233676975947 0
1599520646185 0.12793323514973 0
1599521172229 0.11978399607265587 0
1599521687484 0.12380952380952381 0
1599522211879 0.12263132056946491 0
1599522727497 0.1270495827196858 0
1599523258344 0.12577319587628866 0
1599523784465 0.13127147766323025 0
1599524309357 0.12547864506627393 0
