1598434120042 1.7508140206336975 0
1598434211947 1.6964990297953289 0
1598434295502 1.6964990297953289 0
1598434373199 1.6964990297953289 0
1598434453486 1.6964990297953289 0
1598434534313 1.6957765420277913 0
1598434613499 1.6484304666519165 0
1598434696722 1.7381387253602345 0
1598434780524 1.6964990297953289 0
1598434866805 1.6964990297953289 0
1598434958393 1.6964990297953289 0
1598435046694 1.6964990297953289 0
1598435144211 1.6964990297953289 0
1598435242299 1.6964990297953289 0
1598435336589 1.6964990297953289 0
1598435439296 1.6964990297953289 0
1598435542919 1.6964990297953289 0
1598435645976 1.6964990297953289 0
1598435748283 1.6964990297953289 0
1598435846420 1.6964990297953289 0
