1598434120051 0.16666666666666666 0
1598434211954 0.20833333333333334 0
1598434295508 0.20833333333333334 0
1598434373205 0.20833333333333334 0
1598434453490 0.20833333333333334 0
1598434534317 0.20833333333333334 0
1598434613503 0.25 0
1598434696728 0.16666666666666666 0
1598434780531 0.20833333333333334 0
1598434866812 0.20833333333333334 0
1598434958399 0.20833333333333334 0
1598435046699 0.20833333333333334 0
1598435144215 0.20833333333333334 0
1598435242304 0.20833333333333334 0
1598435336595 0.20833333333333334 0
1598435439301 0.20833333333333334 0
1598435542925 0.20833333333333334 0
1598435645980 0.20833333333333334 0
1598435748290 0.20833333333333334 0
1598435846424 0.20833333333333334 0
