1599603230167 3.21881636296209 0
1599603669828 3.2017383950348277 0
1599604108767 3.1843999088249864 0
1599604549462 3.1663882369198437 0
1599605006179 3.148757368692309 0
1599605484477 3.1319880561688023 0
1599605975693 3.117806086083302 0
1599606465796 3.1073231257736245 0
1599606951434 3.098760017891774 0
1599607436522 3.092061675444282 0
1599607901814 3.0867335163697565 0
1599608364856 3.0805316727050105 0
1599608828684 3.076334147839933 0
1599609293354 3.073039265756818 0
1599609757756 3.0692485808154584 0
1599610222392 3.066814847894617 0
1599610684720 3.065080894006265 0
1599611145403 3.064053793211241 0
1599611607404 3.062824091688714 0
1599612069563 3.0615402363442086 0
1599612531598 3.060854789958832 0
1599612994185 3.0599076156241303 0
1599613454906 3.05952077650028 0
1599613914797 3.0588263697940534 0
1599614376710 3.0586253091216964 0
1599614837510 3.057524125171821 0
1599615298477 3.0576106412404878 0
1599615760334 3.0574954159429675 0
1599616222022 3.0563069848522213 0
1599616684113 3.0555704401517674 0
