1599603230172 0.04314496314496315 0
1599603669831 0.07862407862407862 0
1599604108777 0.10781326781326782 0
1599604549466 0.11105651105651106 0
1599605006189 0.11007371007371007 0
1599605484480 0.11164619164619165 0
1599605975696 0.11734643734643735 0
1599606465799 0.11292383292383293 0
1599606951437 0.1195085995085995 0
1599607436526 0.11312039312039313 0
1599607901824 0.11488943488943489 0
1599608364859 0.11606879606879607 0
1599608828694 0.1195085995085995 0
1599609293405 0.12029484029484029 0
1599609757766 0.11557739557739558 0
1599610222402 0.11567567567567567 0
1599610684730 0.11764127764127764 0
1599611145406 0.11852579852579853 0
1599611607406 0.11714987714987715 0
1599612069573 0.12088452088452088 0
1599612531601 0.11842751842751843 0
1599612994195 0.12039312039312039 0
1599613454909 0.12 0
1599613914807 0.11823095823095824 0
1599614376761 0.11882063882063883 0
1599614837513 0.12098280098280098 0
1599615298480 0.12108108108108108 0
1599615760345 0.1200982800982801 0
1599616222034 0.12176904176904177 0
1599616684123 0.12137592137592138 0
