1598429470760 0.25 0
1598429602351 0.16666666666666666 0
1598429735455 0.16666666666666666 0
1598429896326 0.16666666666666666 0
1598430054828 0.16666666666666666 0
1598430221528 0.16666666666666666 0
1598430399568 0.16666666666666666 0
1598430596787 0.16666666666666666 0
1598430787130 0.16666666666666666 0
1598430974266 0.16666666666666666 0
1598431153479 0.16666666666666666 0
1598431319700 0.16666666666666666 0
1598431484810 0.16666666666666666 0
1598431655808 0.16666666666666666 0
1598431823879 0.16666666666666666 0
1598431997058 0.16666666666666666 0
1598432181491 0.16666666666666666 0
1598432357585 0.16666666666666666 0
1598432529335 0.16666666666666666 0
1598432704962 0.16666666666666666 0
