1598429470749 1.700614909331004 0
1598429602340 1.738165815671285 0
1598429735450 1.738165815671285 0
1598429896320 1.738165815671285 0
1598430054823 1.738165815671285 0
1598430221522 1.738165815671285 0
1598430399557 1.738165815671285 0
1598430596776 1.738165815671285 0
1598430787115 1.738165815671285 0
1598430974261 1.738165815671285 0
1598431153474 1.738165815671285 0
1598431319695 1.738165815671285 0
1598431484805 1.738165815671285 0
1598431655801 1.738165815671285 0
1598431823875 1.738165815671285 0
1598431997050 1.738165815671285 0
1598432181479 1.738165815671285 0
1598432357579 1.738165815671285 0
1598432529326 1.738165815671285 0
1598432704955 1.738165815671285 0
